[Network]
ServerIP=0.0.0.0
Port=3800
NetAdress=0.0.0.0
SubNetMask=0.0.0.0
DebugUDPIP=0.0.0.0
DebugUDPPort=3801
[TestSystem]
BKCom=0
FDCom=0
OutputMatrix=1
MaxSGvoltage=6000
RT_Range= 1.00000000000000E+0003
ReadySignal=0
ReadyTimeout=1000
PowerOnSignal=0
ErrorSignal=0
RT_Input=4
DebugCom=0
SurgeCapacitor= 1.00000000000000E-0007
AVGUpeak=1
UpeakOffsetComp=0
AVGUpeakCount=30
AVGUpeak_t_ns=60
DevSuffix=N
DevVer=932
TR40IP=10.19.1.10
DefSPOD=1
DefOutDebugStr=1
DefOutDebugFile=0
IO40Host1=10.19.1.11
TR40_SG_USE_NEW_FW=0
Use_IO40_Ramp=0
Use_IO40_Values=0
SaveCurveData=0
IO40RunDelay=0
LoadCalIO40=1
[Calibration]
CalibrationDate=19.06.2019
HG40I10mAFact= 1.02328681945801E+0000
HG40I100uAFact= 1.03510189056396E+0000
HG40I1uAFact= 1.02385067939758E+0000
HG40UFact= 1.01531112194061E+0000
HG40I10mAOff= 1.17227877183268E-0007
HG40I100uAOff= 2.58342125469824E-0009
HG40I1uAOff=-5.71205843041822E-0012
HG40UOff=-1.48457479476929E+0000
BKUNomFact= 9.75292563438416E-0001
BKUNomOff=-5.13654088973999E+0000
BKURealFact= 1.02670574188232E+0000
BKURealOff= 4.69639635086060E+0000
BKIFact= 1.01621735095978E+0000
BKIOff= 1.39560472689481E-0006
TR40ch1Fact= 1.14750003814697E+0000
TR40ch2Fact= 1.00000000000000E+0000
TR40ch3Fact= 1.00000000000000E+0000
TR40ch4Fact= 1.00000000000000E+0000
TR40ch1Off=-1.80000000000000E+0001
TR40ch2Off= 0.00000000000000E+0000
TR40ch3Off= 0.00000000000000E+0000
TR40ch4Off= 0.00000000000000E+0000

[Scope]
CH_A=1
CH_B=3
CH_C=4
CH_D=2
[Demo]
dPDIV= 1.00000000000000E+0003
dRPDIV= 1.50000000000000E+0003
dSigmaPD= 1.00000000000000E+0006
dSigmaD= 1.00000000000000E+0005
dFrequency= 1.00000000000000E+0005
dPDNoiseLV= 3.00000000000000E-0002
dPDNoiseOf= 5.00000000000000E-0003
dSGNoiseLV= 5.00000000000000E+0000
dSGNoiseOf= 0.00000000000000E+0000
dStartDelay= 1.00000000000000E-0006
bUseCalibrator=0
dRepeatFrequency= 2.56000000000000E+0004
dPowerLevel=-6.00000000000000E+0001
bUseGui=1
dSigmaRise= 1.00000000000000E+0007
b12BitIn16Bit=0
